0 0 444 500 444 278 500 0 278 0 0 278 722 500 500 500 0 389 389 278 0 0 0 0 444]
endobj
471 0 obj
[ 0[ 778] 3[ 250] 11[ 333 333] 17[ 250] 38[ 667 722 667] 51[ 611] 53[ 667 556 611] 68[ 500 500 444 500 444 333 500 556 278 278 500 278 778 556 500 500] 85[ 389 389 278 556 444 667 500 444] 182[ 333]]
endobj
472 0 obj
[ 250 0 0 0 0 0 0 0 0 333 0 0 0 0 250 0 0 0 0 0 0 0 0 0 0 0 0 0 0 0 0 0 0 0 0 667 722 667 0 0 0 0 0 0 0 0 0 0 611 0 667 556 611 0 0 0 0 0 0 0 0 0 0 0 0 500 500 444 500 444 333 500 556 278 278 500 278 778 556 500 500 0 389 389 278 556 444 667 500 444]
endobj
473 0 obj
[ 0[ 600] 120[ 460]]
endobj
474 0 obj
[ 0[ 507] 3[ 226 579] 17[ 544 533] 28[ 488] 39[ 631] 44[ 623] 58[ 319] 62[ 420] 68[ 855 646] 89[ 673 543] 94[ 459] 100[ 487] 104[ 642] 116[ 890] 258[ 479] 271[ 525 423] 282[ 525] 286[ 498] 296[ 305] 299[ 584] 331[ 808] 336[ 471] 346[ 525] 349[ 230] 364[ 455] 367[ 230] 373[ 799 525] 381[ 527] 393[ 525] 395[ 525 349] 400[ 391] 410[ 335] 415[ 557] 437[ 525] 448[ 452 715] 454[ 433 453] 460[ 395] 853[ 250] 855[ 268 252] 859[ 250] 876[ 386] 882[ 306] 894[ 303 303] 920[ 682] 1004[ 507 507 507 507] 1009[ 507]]
endobj
475 0 obj
[ 226 0 0 0 0 0 0 0 0 0 0 0 250 306 252 0 0 0 507 507 0 0 0 0 0 0 0 0 0 0 0 0 0 579 0 533 0 0 0 631 623 0 319 0 0 0 646 0 0 0 0 459 487 0 0 890 0 0 0 0 0 0 0 0 0 479 525 423 525 498 305 471 525 230 0 455 230 799 525 527 525 0 349 391 335 525 452 715 0 453 395]
endobj
476 0 obj
[ 278]
endobj
477 0 obj
[ 0[ 507] 3[ 226 606] 17[ 561 529] 24[ 630] 28[ 488] 38[ 459 637] 44[ 631] 47[ 267] 60[ 547] 62[ 423] 68[ 874 659] 75[ 676] 87[ 532] 89[ 686 563] 94[ 473] 100[ 495] 104[ 653] 116[ 906] 121[ 551] 127[ 478] 258[ 494] 286[ 503] 346[ 537] 400[ 399] 855[ 276 267] 894[ 312 312] 920[ 705] 1004[ 507] 1006[ 507] 1008[ 507]]
endobj
478 0 obj
[ 226]
endobj
479 0 obj
[ 278 0 0 0 0 0 722 238 0 0 0 0 278 333 278 0 0 0 0 0 0 0 0 0 0 0 0 0 0 0 0 0 0 722 722 722 722 667 611 778 722 278 556 0 611 833 0 0 667 0 722 667 611 722 667 944 0 0 0 0 0 0 0 0 0 556 611 556 611 556 333 611 611 278 278 556 278 889 611 611 611 611 389 556 333 611 556 778 556 556 500]
endobj
480 0 obj
[ 250]
endobj
481 0 obj
[ 0[ 500] 190[ 794]]
endobj
482 0 obj
[ 220 0 0 0 0 0 0 0 408 408 0 0 0 0 0 0 0 0 0 0 0 0 0 0 0 0 0 0 0 0 0 0 0 652 0 0 0 0 0 0 0 0 0 682 0 0 679 695 614 0 0 0 0 0 0 961 0 0 0 0 0 0 0 0 0 535 0 469 597 531 326 520 0 314 0 0 308 890 604 569 0 0 461 459 365 597 0 798]
endobj
483 0 obj
<</BaseFont/BTELUL+TimesNewRomanPS-BoldMT/DescendantFonts 494 0 R /Encoding/Identity-H/Subtype/Type0/ToUnicode 254 0 R /Type/Font>>
endobj
484 0 obj
<</BaseFont/HCGVAZ+TimesNewRomanPSMT/DescendantFonts 490 0 R /Encoding/Identity-H/Subtype/Type0/ToUnicode 251 0 R /Type/Font>>
endobj
485 0 obj
<</BaseFont/XBVWZD+TimesNewRomanPSMT/DescendantFonts 486 0 R /Encoding/Identity-H/Subtype/Type0/ToUnicode 248 0 R /Type/Font>>
endobj
486 0 obj
[ 487 0 R ]
endobj
487 0 obj
<</BaseFont/XBVWZD+TimesNewRomanPSMT/CIDSystemInfo 488 0 R /CIDToGIDMap/Identity/DW 1000/FontDescriptor 489 0 R /Subtype/CIDFontType2/Type/Font/W[ 0[ 778 0] 2 3 250 4[ 333 408] 6 7 500 8[ 833 778 180] 11 12 333 13[ 500 564 250 333 250 278] 19 28 500 29 30 278 31 33 564 34[ 444 921 722] 37 38 667 39[ 722 611 556] 42 43 722 44[ 333 389 722 611 889] 49 50 722 51[ 556 722 667 556 611] 56 57 722 58[ 944] 59 60 722 61[ 611 333 278 333 469 500 333 444 500 444 500 444 333] 74 75 500 76 77 278 78[ 500 278 778] 81 84 500 85[ 333 389 278] 88 89 500 90[ 722] 91 92 500 93[ 444 480 200 480 541] 98 99 722 100[ 667 611] 102 104 722 105 115 444 116 119 278 120 130 500 131[ 400] 132 134 500 135[ 350 453 500] 138 139 760 140[ 980] 141 142 333 143[ 549 889 722 713] 147 149 549 150[ 500 576 494 713 823 549 274 276 310 768 667 500 444 333 564 549 500 549 612] 169 170 500 172 174 722 175[ 889 722 500] 179 180 444 181 182 333 183[ 549 494 500 722 167 500] 189 190 333 191 192 556 193[ 500 250 333 444] 198[ 722 611 722] 201 202 611 203 206 333 207 212 722 213[ 278] 214 223 333 224[ 611 278 556 389 611 444 200 722 500 722 500 556 500] 237 238 564 239 241 300 242 244 750 245[ 500 722 500 333 556 389 667 444 667 444] 255 256 500 257[ 333 722 444 722 444 722 646 722 611 444 611 444 611 278 611 406 611 344 722 500 722 500 722 500 667 333 667 333 556 389 611 278 611 427 722 500 722 500 611 444 611 444 578 722 731 524 471 420 539 402 577 500 573 315 969] 313[ 500] 315[ 500] 317 318 500 319[ 979 722 564 600 564] 324 325 604 326 372 708 373[ 729 604] 376 379 990 380 382 604 383[ 1021 1052 917] 386 387 750 388[ 531 656 594 510 500 750 708 552 604 219 417 833 479 604] 402 403 354 404[ 604 354 722 444 667 444 667 444 611 444 611 444 611 444 722 500 722 500 722 500 722 500 722 500 333 278 333 278 333 278 333 278 389 278 722] 439 440 500 441[ 611 278 722 500 702 495 722 500 722 500 667 333 556 389 611 278 722 500 722 500 722 500 722 500 944] 466 467 722 468[ 500 278 722 444 889 667 722 500 278 944 722 944 722 944] 482 483 722 484[ 500] 485 486 333 487[ 500 600] 489 492 750 493 496 333 497[ 722 694 808 411 722 816 743 269 722 667 643] 508 509 611 510[ 722 333 722 725 889 722 643] 517 518 722 519[ 556 582 611] 522 523 722 524[ 738 743 333 722 524 420 523 269 495 509 442 414 523 479 269 504 485 536 452 446 500 499 396 495 444 626 658 269 495 500 495 658 611 752 578 660 556] 561 562 333 563[ 389] 564 565 872 566[ 741 667 708] 569 570 722 571[ 574 667 578 682 611 896 501] 578 579 722 580[ 667 678 889] 583 585 722 586[ 556 667 611 708 790] 591 592 722 593[ 650] 594 595 1009 596[ 706 872 574 660 1028 667 444 509 472 410 509 444 691 395] 610 611 535 612[ 486 499 633 535 500 535 500 444 437 500 648 500 535 503] 626 627 770 628[ 517 672 456 429 747 460 444 483 410 429 389] 639 641 278 642[ 727 723 500 486 500 535 450 351] 651[ 954 505] 653 665 0 666[ 356 0 291] 669 670 0 671[ 278 481 455 335 419 471 279 286 477 476 267 452 433 432 507 485 274 305 475] 690 691 454 692[ 440 482 460 474 469 610 500 557 545 533 209 372 776 279] 706 707 452 708 709 432 710[ 454] 711 714 610 715 717 481 718[ 455 335 419 471 279 309 476 267 452 433 432 485 305 475 454 440 460 474 469 610 500 279 455 433 440 502] 744 747 0 748 749 319 750[ 356 413 207] 753 760 0 761 771 526 772[ 319 526] 774 775 750 776[ 282 750] 778 780 526 781 785 750 786[ 0] 787 794 750 795[ 638] 796 798 750 799 800 713 801 802 244 803 806 750 807[ 563 526] 809 810 530 811 812 489 813[ 812 933 394 515 812 933 394 515 638 588 375] 824 838 750 839 843 0 844 861 750 862[ 500] 864 891 750 892 893 319 894[ 750 621 413 207 229 207 229] 901 902 432 903[ 207 229 638 588] 907 908 244 909[ 207 229] 911 912 713 913 914 244 915[ 282 375] 917 918 713 919 920 244 921 922 713 923 924 244 925[ 563 526] 927 928 530 929[ 563 526] 931 932 530 933[ 563 526] 935 936 530 937 940 337 941 944 489 945 946 821 947 948 531 949 950 821 951 952 531 953 954 1098 955 956 846 957 958 1098 959 960 846 961 968 582 969[ 544 450 526 394 544 450 526 394] 977 978 789 979[ 268 263] 981 982 582 983[ 268 263] 985 986 601 987 988 394 989 990 506 991 992 207 993 994 338 995 996 394 997 998 526 999 1000 244 1001[ 282 375 450 394] 1005 1006 432 1007[ 638 588 638 588] 1011 1012 244 1013[ 544 601 544 601 544 601 544 601] 1021 1022 750 1023 1024 0 1025 1027 750 1028 1029 0 1030 1031 750 1032 1033 0 1034 1036 750 1037 1042 0 1043[ 750] 1044 1045 0 1046 1099 750 1100 1102 319 1103 1126 750 1127[ 125] 1129[ 2000 722 529 776 542] 1134 1149 0 1150[ 513] 1151 1152 750 1153 1186 0 1187[ 278 722 444 722 444 722 444 722 444 722 444 722 444 722 444 722 444 722 444 722 444 722 444 722 444 611 444 611 444 611 444 611 444 611 444 611 444 611 444 611 444 333 278 333 278 722 500 722 500 722 500 722 500 722 500 722 500 722 500 722 529 722 529 722 529 722 529 722 529 722 500 722 500 776 542 776 542 776 542 776 542 776 542 722 500 722 500 722 500 722 444 333 278 722 500 722 500 722 500 722 500 722 500 722 500] 1292 1295 0 1296[ 578 410 896 691 667 486 667 486 722 535 722 500 722 500 722 500 650 503 650 500 722 444 722 500 713 244 268 263 582] 1325 1330 244 1331[ 269 0 207] 1334 1335 333 1336[ 0 207] 1338 1339 0 1340[ 207 229 207 229 207 229 207 229] 1348 1351 432 1352[ 638 588] 1354 1355 713 1356 1357 244 1358 1359 713 1360 1361 244 1362 1363 713 1364 1365 244 1366 1367 713 1368 1369 244 1370 1371 713 1372 1373 244 1374 1375 713 1376 1377 244 1378 1379 713 1380 1381 244 1382[ 563 526] 1384 1385 530 1386[ 563 526] 1388 1389 530 1390[ 563 526] 1392 1393 530 1394[ 563 526] 1396 1397 530 1398[ 563 526] 1400 1401 530 1402[ 563 526] 1404 1405 530 1406 1423 337 1424 1439 489 1440 1441 821 1442 1443 531 1444 1445 821 1446 1447 531 1448 1449 821 1450 1451 531 1452 1453 1098 1454 1455 846 1456 1457 1098 1458 1459 846 1460 1461 582 1462[ 544 450 526 394] 1466 1468 789 1469[ 268 263] 1471 1472 789 1473[ 268 263] 1475 1476 789 1477[ 268 263] 1479 1480 789 1481[ 268 263] 1483 1484 789 1485[ 268 263] 1487 1490 582 1491 1492 1155 1493 1494 906 1495[ 812 933 394 515] 1499 1500 601 1501 1502 394 1503 1504 601 1505 1506 394 1507 1508 601 1509 1510 394 1511[ 812 933 394 515 812 933 394 515 812 933 394 515 812 933 394 515 812 933 394 515] 1531 1532 506 1533 1534 207 1535 1536 506 1537 1538 207 1539 1540 506 1541 1542 207 1543 1544 506 1545 1546 207 1547 1548 526 1549 1550 244 1551 1556 526 1557 1558 244 1559 1560 526 1561[ 563 526] 1563 1564 530 1565[ 282 375] 1567 1569 388 1570 1585 432 1586[ 638 588 638 588] 1590 1591 244 1592 1593 432 1594[ 638 588] 1596 1597 244 1598[ 638 588] 1600 1603 812 1604[ 207] 1605 1611 0 1612[ 1123 1084] 1614 1619 0 1620[ 194 370] 1622 1623 0 1624[ 600] 1625 1627 0 1628 1629 821 1630 1631 531 1632 1633 1098 1634 1635 846 1636[ 544 450 526 394 413 338 282 244 320] 1645 1649 244 1650[ 812 933 267 0 342 533 544 601 544 601 544 601 544 601 544 601 544 601 544 601] 1670 1671 526 1672[ 544 601 500 760 574 500 574 500] 1680 1681 667 1682[ 444 722 815 574 500 471 611 501 556] 1691 1692 722 1693[ 770 253 333 722 500 278 485 816 722 500 722 925 691 650 500] 1708 1709 556 1710[ 389 582 344 278 611 278 611 743 722 781 500 611 444] 1723 1724 539 1725 1726 444 1727 1728 500 1729[ 443 422 500 200 281 249 333 1333 1166 944] 1740[ 889 556 1111] 1744[ 778 444 722 444 0 722 444 889 667 722 500 722 500 722 500 722 500 722 500 539 444 278 1333 1166 944 722 500 950 560 722 500 722 444 722 444 611 444 611 444 333 278 333 278 722 500 722 500 667 333 667 333 722 500 722 500 556 389 611 278 563 395 722 500 650 604 500 611 444 722 444 611 444 722 500 0 722 500 722 500 722 500 722 500 444] 1828 1829 523 1830[ 500] 1831 1832 444 1833 1834 500 1835[ 444 627] 1837 1838 420 1839[ 588 443 333] 1842 1843 500 1844[ 453 500 444] 1847 1849 500 1850[ 278 269] 1852 1855 278 1856[ 578] 1857 1859 778 1860 1861 500 1862[ 497 500 630 658 553] 1867 1873 333 1874 1875 488 1876[ 389] 1877 1878 333 1879[ 436 333] 1881 1882 278 1883[ 500 549 470 500 722 500 493 444 496] 1892 1897 444 1898[ 722 472 443 453 535 278 500 430 500] 1907 1908 444 1909[ 802 845 853 565 460 649 788 566 560 514 481] 1920 1921 321 1922[ 155] 1923 1925 217 1926[ 293 428 297 219 365] 1931 1935 333 1936 1937 248 1938 1941 564 1942 1948 333 1949 1950 278 1951 1957 333 1958[ 382 293 166 212 289 248] 1964 1968 383 1969 1972 333 1973[ 444] 1974 1982 542 1983[ 383] 1984 1988 542 1989[ 383] 1990 1994 542 1995[ 383] 1996 2000 542 2001[ 383] 2002 2006 542 2007[ 383] 2008 2016 542 2017[ 383] 2018 2022 542 2023[ 383] 2024 2028 542 2029[ 383] 2030 2034 542 2035[ 383] 2036 2040 542 2041[ 383] 2042 2050 542 2051[ 383] 2052 2056 542 2057[ 383] 2058 2062 542 2063[ 383] 2064 2068 542 2069[ 383] 2070 2074 542 2075[ 383] 2076 2084 542 2085[ 383] 2086 2090 542 2091[ 383] 2092 2096 542 2097[ 383] 2098 2102 542 2103[ 383] 2104 2108 542 2109[ 383] 2110 2113 542 2114 2204 0 2205 2207 333 2208[ 509 495 722 890 722 526 658 560 722 500 667 420 556 447 576 451 731 554 828 778 616 521 661 444] 2232 2233 542 2234[ 656 581 699 509 475 386 560 509 444 278 722] 2245 2246 405 2247[ 611 722 444 535 1172 633 671 543 968 677 722 590 1033 834 896 691 1208 935 501 395 738 626 722 500 813 589 813 589 1095 880 763 566 1213 792 0 1172 633 667 444 334] 2287 2292 0 2293[ 722 535 574 470 556 500 631 515 501 395 667 486 786 573 851 623 1032 789 667 444 667 444 611 437 797 603 650 503 878 546 878 546 333 896 691 667 515 678 499 722 535 722 535 650 503 889 633 535 722 444 722 444 889 667 611 444 722 444 896 691 501 395 501 444 722 535 722 535 722 500 722 500 660 429 708 500 708 500 708 500 650 503 872 672 574 500 804 771 802 706 574 453 907 752 950 788 722 453 696 602] 2393 2430 0 2431[ 722 444 667 500 667 500 667 500 667 444 722 500 722 500 722 500 722 500 722 500 611 444 611 444 611 444 611 444 611 444 556 333 722 500 722 500 722 500 722 500 722 500 722 500 333 278 333 278 722 500 722 500 722 500 611 278 611 278 611 278 611 278 889 778 889 778 889 778 722 500 722 500 722 500 722 500 722 500 722 500 722 500 722 500 556 500 556 500 667 333 667 333 667 333 667 333 556 389 556 389 556 389 556 389 556 389 611 278 611 278 611 278 611 278 722 500 722 500 722 500 722 500 722 500 722 500 722 500 944 722 944] 2562 2563 722 2564[ 500 722 500 722 500 611 444 611 444 611 444 500 278 722 500 444 278] 2581 2588 524 2589 2590 722 2591 2596 791 2597 2602 420 2603 2604 748 2605 2608 904 2609 2616 523 2617 2618 859 2619 2624 1016 2625 2632 269 2633 2634 470 2635 2640 626 2641 2646 500 2647 2648 791 2649 2650 996 2651 2652 898 2653 2660 495 2661[ 859] 2662 2664 1021 2665 2672 658 2673 2674 812 2675 2676 998 2677 2680 929 2681 2682 524 2683 2684 420 2685 2686 523 2687 2688 269 2689 2690 500 2691 2692 495 2693 2694 658 2695 2702 524 2703 2704 722 2705 2710 791 2711 2718 523 2719 2720 859 2721 2726 1016 2727 2734 658 2735 2736 812 2737 2738 998 2739 2742 929 2743 2749 524 2750 2754 722 2755 2759 333 2760 2764 523 2765[ 748 759 860 871 722] 2770 2772 333 2773 2778 269 2779 2780 333 2781[ 471 481] 2783 2785 333 2786 2789 495 2790 2791 499 2792 2793 495 2794 2795 722 2796[ 879 900 693] 2799 2801 333 2802 2806 658 2807[ 850 773 861 774 743] 2812 2813 333 2814[ 617] 2815 2816 667 2817[ 778 722 1102 944 722 611] 2824[ 500 594] 2826 2829 0 2830 2831 278 2832[ 500 556 500 278 500 317 625 616] 2840 2848 333 2849[ 278] 2850 2853 333 2854 2855 397 2856[ 333] 2857 2867 0 2868[ 556 500 502 645 667 465 478] 2875 2876 524 2877[ 444 395 278 296 540 445 633 535 500 478 542 538 542 722 437] 2892 2893 500 2894[ 456] 2895 2896 460 2897[ 437 537 505 655 504 500 722 444 395 397 539 410 500 535 456 528 499 422 538] 2916 2917 387 2918[ 430] 2919 2920 370 2921[ 433 440 200 247 458 371 540 462 441 418 336 332 410 362 453 554] 2937 2938 273 2939[ 314 390 310 311] 2943 2944 256 2945 2946 242 2947[ 301 164 315 489 282 288 256] 2954 2955 288 2956[ 311 191 328 306 489 294 319 282 265 271 334 282 164 229 328 294 282 265 296 334 282 936 1300 439 1273 657 239 544] 2984 2992 0 2993 2994 337 2995 2996 489 2997[ 450 394 450 394 628 565 618 579 578 654 615 646 564] 3010 3012 0 3013[ 500 444 417] 3016 3019 207 3020[ 793 1221 500] 3024[ 500] 3026[ 333 250 167 500 250 200 83 0 667 889 633 761 774 772 722 667 500] 3043 3044 611 3045[ 389 444 534] 3048 3052 0 3053[ 499] 3054 3056 667 3057[ 578 410] 3059 3061 0 3062[ 305 0 263 289] 3066 3072 0 3073 3074 713 3075 3076 244 3077 3078 713 3079 3080 244 3081 3082 713 3083 3084 244 3085 3086 713 3087 3088 244 3089 3090 713 3091 3092 244 3093 3094 713 3095 3096 244 3097 3098 713 3099 3100 244 3101[ 563 526] 3103 3104 530 3105[ 563 526] 3107 3108 530 3109 3112 337 3113 3114 489 3115 3116 821 3117 3118 531 3119[ 544 450 526 394 544 450 526 394 544 450 526 394] 3131 3132 789 3133[ 268 263] 3135 3136 789 3137[ 268 263 812 933 394 515 812 933 394 515 812 933 394 515] 3151 3152 338 3153 3154 394 3155 3156 338 3157 3158 394 3159 3160 526 3161 3162 244 3163 3164 526 3165 3166 244 3167 3168 526 3169 3170 244 3171 3172 506 3173 3174 207 3175 3178 489 3179 3180 821 3181 3182 531 3183 3184 500 3185[ 333 778] 3187 3188 500 3189 3190 333 3191[ 389 278 444 500 323 471 766 278 269 500 537 549] 3203 3204 500 3205[ 333 597 500 278 778] 3210 3211 500 3212[ 333 389 424] 3215 3216 500 3217 3218 444 3219[ 523 500 444] 3222 3223 420 3224[ 444 278 444 439 500 444 314] 3231 3232 256 3233[ 288 242] 3235 3236 208 3237[ 266 321 164 182] 3241 3242 165 3243[ 193] 3244 3245 164 3246[ 271 448 489] 3249 3250 328 3251[ 322 288 321 212 215 191 328 317 325 291 294] 3262 3263 274 3264[ 304 266 270] 3267 3270 0 3271[ 278 273 256 288 290 256] 3277 3278 722 3279[ 556 667 333] 3282 3289 524 3290 3297 269 3298 3305 495 3306 3309 269 3310 3313 495 3314[ 544 601 397 667 722 725 611 444 389 278 702 500 667 333 722 500] 3330 3332 444 3333[ 278 578 410 722 500 722 500 501 395 678 499] 3344 3352 0 3353[ 882 417 444 611 278 611 556 667 444 278 722 500 722 500 611 444 472 659 504 577] 3373 3378 0 3379[ 278 702 722 702] 3383 3393 0 3394[ 722 500 944 722 713 0 723 597 998 824 278 369] 3406 3407 180 3408 3409 500 3410 3413 333 3414 3421 0 3422[ 611 500 485 357 470 438 478 442 500 488 480 500 528 344 500 465 500 485 500 465] 3442 3443 500 3444[ 278 604 847 832 550 831 517 474 535 580 447 421 587 580 260 320 557 477 638 580 563 457 530 515 369 480 564 507 791 530 509 530 681 760 477 563 458 585 566] 3483 3488 517 3489[ 535] 3490 3493 447 3494 3497 260 3498[ 580] 3499 3503 563 3504 3507 564 3508[ 509] 3509 3511 517 3512 3515 535 3516[ 580 585] 3518 3522 447 3523 3526 587 3527 3528 580 3529 3533 260 3534[ 580 320 557] 3537 3540 477 3541 3543 580 3544[ 560] 3545 3547 563 3548 3550 515 3551 3555 369 3556 3559 480 3560 3565 564 3566 3569 791 3570 3572 509 3573 3575 530 3576[ 517 681 563 517 474 421 475 447 530 580 530 260 557 540 638 580 492 563 580 457 447 480 509 558 530 583 565 517 447 580 260 563 565 509 260 509 447 583 421 521 369] 3617 3618 260 3619[ 320 719 728 588 543 546 580 517 463 474 421 533 447 718 396] 3634 3635 580 3636[ 543 531 638 580 563 580 457 535 480 546 558 530 580 525] 3650 3651 813 3652[ 563 695 463 521 797 515 421] 3659 3678 292 3679[ 580 1003 621] 3682 3683 616 3684[ 755 604 736] 3687 3701 269 3702[ 1573 1756 0 1853] 3706 3709 0 3710[ 563 526] 3712 3713 530 3714[ 563 526] 3716 3717 530 3718 3719 821 3720 3721 531 3722 3723 489 3724[ 563 526] 3726 3727 530 3728[ 207 229 207 229 638 588] 3734 3735 244 3736[ 638 588] 3738 3739 244 3740[ 638 588] 3742 3743 244 3744 3747 432 3748 3751 812 3752[ 563 526] 3754 3755 530 3756 3757 821 3758 3759 531 3760 3761 821 3762 3763 531 3764 3765 601 3766 3767 394 3768[ 588 625 573 611 920 731 882 634 1483] 3777 3781 0 3782[ 638 588] 3784 3785 244 3786[ 812 933 394 515 812 933 394 515 638 588] 3796 3797 244 3798[ 638 588] 3800 3801 244 3802[ 638 588] 3804 3805 244 3806[ 207 552 414 611 437 722 542 660 444 1300] 3816 3817 500 3818[ 1030 714 819 689 938 708 667 540 954 765 996 799 722 535 650 500] 3834 3835 333 3836[ 471 855 527 541 497 651 549 889 722 723 571 333 500 444 155 500 556 611 278 1168 1280 1464 1273 1853] 3860 3862 207 3863[ 229] 3864 3867 207 3868[ 290] 3869 3879 207 3880 3884 244 3885[ 272 244 200] 3888 3889 343 3890[ 500 755 696 747 761 697 707 637 717 895 761 672 543 932 729 719 575 726 746 719 812 690 719 691 719 697 848 712 807 719 765 648 672 690 561 781 813 738 789 200 249 166 121 207 242 557 777 500 542 561 521 511 432 509 643 554 514 233 779 524 514 520 511 531 529 531 251 515 391 531 284 773 446 535] 3964 3965 512 3966[ 778 509 506 388 777 519 520 690 649 278 369] 3977 3978 935 3979[ 761 1046 1052 1045 1026 1311] 3985 3986 364 3987 3988 519 3989 3996 638 3997 3998 563 3999[ 487] 4000 4001 563 4002[ 487] 4003 4004 713 4005 4006 244 4007[ 563 526] 4009 4010 530 4011 4014 582 4015 4016 789 4017[ 268 263] 4019 4020 582 4021[ 268 263] 4023 4024 506 4025 4026 207 4027 4028 338 4029 4030 394 4031[ 638 588] 4033 4034 244 4035[ 638 588] 4037 4038 244 4039 4040 464 4041 4042 432 4043 4044 427 4045 4071 0 4072[ 544 601 0 335 419 471 500] 4079 4080 0 4081 4082 319 4083[ 533 530 533 530 533 530 534 533 530 582 319 394 273 185 0 500 793] 4101 4102 0 4103 4104 713 4105 4106 244 4107[ 171] 4108 4109 337 4110 4111 1098 4112 4113 846 4114[ 812 933 394 515 282 197] 4120 4121 489 4122[ 0 389 716 551 1398 1023 666 503 678 499 683 716 575 652] 4136 4137 333 4138[ 350 333 666 250] 4144[ 1325 219] 4146 4147 417 4148[ 312] 4150 4151 957 4152[ 326 939] 4154 4156 333 4157[ 852 674 669 488] 4161 4163 453 4164[ 500 278 957] 4167 4168 500 4169[ 541 957 500 499 556 615 639 273 883 639 273 222 0] 4190[ 759 544 450 526 394] 4195 4196 601 4197 4198 394 4199[ 0 300 167] 4202 4207 300 4208 4210 338 4211 4212 200 4213 4222 300 4223 4225 338 4226 4227 200 4228 4229 300 4230[ 167 467] 4232 4233 300 4234[ 233 167 833 811 667 1024 611 877 501 667 913 510 906 988 722] 4249 4250 500 4251[ 688 553 708 778 722 737 740 556 722 927 795] 4262 4264 667 4265[ 907 1197 722 611 444 743 698 269] 4273 4274 722 4275[ 927 646 385 615 688 556 1115 406 592 560 413 515 327 916 1178 549 442 578 722 713 778] 4296 4297 556 4298[ 667 722 500 444] 4302 4303 278 4304[ 635 778 777 1052] 4308 4309 750 4310[ 1014] 4311 4316 750 4317[ 464 333 646 959 1051 722 1047 1360 1673 1053 722 1048 1361 611 667 722 889 278 524 771 739 500 761 1008 1254 766 500 759 1005 278 444 500 778 1125 722 1125 667 732 688 722 1125 750] 4359 4364 333 4365 4366 429 4367 4369 420 4370 4372 437 4373[ 838] 4374 4376 0 4377[ 234 500] 4379 4380 613 4381[ 564 444 500 333 541] 4386 4387 437 4388 4389 541 4390 4395 333 4396 4397 744 4398 4399 510 4400 4401 615 4402 4403 639 4404[ 444 333 354 333] 4408 4410 250 4411[ 278] 4412 4415 500 4418[ 250] 4419 4420 278 4421[ 667 333 250 444] 4425 4426 500 4427[ 0 253 216 253 216 722 500 738 601] 4436 4437 501 4438 4439 435 4440 4441 526 4442[ 421 369 1162 691 1131 751 1069 708 924 618 924 618 924 618 667 444 722 500 722 500 722 500 705 359 611 278 837 583 774 559 1259 841 556 500 620 607 771 758 722 500 856 612 668 489 637 546 722 500 944 722 541 504 556 500 556 500 546 424] 4500 4501 397 4502 4503 543 4504 4505 500 4506[ 292 678 434 955 677 396 668 641 463 722 500 442 333] 4519 4521 471 4522[ 611 278 761 555 442 333 632 431 722 455 722 500 667] 4535 4536 444 4537[ 500 745 644 556 333 680 525 700 509 725 541 722 500 722 500 722 500 667 333 556 389 800 501 723 689 722 611 389 722 667 509 903 658 740 440 473 778] 4574 4575 556 4576[ 889 333 1164 524 682 405 444 570 333 500 315 327 265 778] 4590 4591 500 4592 4593 406 4594[ 500 726] 4596 4597 722 4598 4599 841 4600[ 486 515 320 488 382 538 413 615 333] 4609 4610 500 4611 4612 778 4613[ 532] 4614 4615 444 4616[ 428 532 500 532 500 432 333 321] 4624 4625 212 4626[ 328 705 691 722 799 523 565 667 611] 4635 4636 713 4637 4638 244 4639 4640 713 4641 4642 244 4643 4644 713 4645 4646 385 4647 4648 489 4649[ 638 588] 4651 4652 244 4653 4654 789 4655[ 268 263] 4657 4658 582 4659[ 268 263] 4661 4662 526 4663 4664 244 4665 4681 0 4682[ 483] 4683 4684 1057]>>
endobj
488 0 obj
<</Ordering(Identity)/Registry(Adobe)/Supplement 0>>
endobj
489 0 obj
<</Ascent 1040/CIDSet 249 0 R /CapHeight 662/Descent -307/Flags 6/FontBBox[ -568 -307 2046 1040]/FontFamily<54696D6573204E657720526F6D616E>/FontFile2 250 0 R /FontName/XBVWZD+TimesNewRomanPSMT/FontStretch/Normal/FontWeight 400/ItalicAngle 0/StemV 80/Type/FontDescriptor/XHeight 448>>
endobj
490 0 obj
[ 491 0 R ]
endobj
491 0 obj
<</BaseFont/HCGVAZ+TimesNewRomanPSMT/CIDSystemInfo 492 0 R /CIDToGIDMap/Identity/DW 1000/FontDescriptor 493 0 R /Subtype/CIDFontType2/Type/Font/W[ 0[ 778 0] 2 3 250 4[ 333 408] 6 7 500 8[ 833 778 180] 11 12 333 13[ 500 564 250 333 250 278] 19 28 500 29 30 278 31 33 564 34[ 444 921 722] 37 38 667 39[ 722 611 556] 42 43 722 44[ 333 389 722 611 889] 49 50 722 51[ 556 722 667 556 611] 56 57 722 58[ 944] 59 60 722 61[ 611 333 278 333 469 500 333 444 500 444 500 444 333] 74 75 500 76 77 278 78[ 500 278 778] 81 84 500 85[ 333 389 278] 88 89 500 90[ 722] 91 92 500 93[ 444 480 200 480 541] 98 99 722 100[ 667 611] 102 104 722 105 115 444 116 119 278 120 130 500 131[ 400] 132 134 500 135[ 350 453 500] 138 139 760 140[ 980] 141 142 333 143[ 549 889 722 713] 147 149 549 150[ 500 576 494 713 823 549 274 276 310 768 667 500 444 333 564 549 500 549 612] 169 170 500 172 174 722 175[ 889 722 500] 179 180 444 181 182 333 183[ 549 494 500 722 167 500] 189 190 333 191 192 556 193[ 500 250 333 444] 198[ 722 611 722] 201 202 611 203 206 333 207 212 722 213[ 278] 214 223 333 224[ 611 278 556 389 611 444 200 722 500 722 500 556 500] 237 238 564 239 241 300 242 244 750 245[ 500 722 500 333 556 389 667 444 667 444] 255 256 500 257[ 333 722 444 722 444 722 646 722 611 444 611 444 611 278 611 406 611 344 722 500 722 500 722 500 667 333 667 333 556 389 611 278 611 427 722 500 722 500 611 444 611 444 578 722 731 524 471 420 539 402 577 500 573 315 969] 313[ 500] 315[ 500] 317 318 500 319[ 979 722 564 600 564] 324 325 604 326 372 708 373[ 729 604] 376 379 990 380 382 604 383[ 1021 1052 917] 386 387 750 388[ 531 656 594 510 500 750 708 552 604 219 417 833 479 604] 402 403 354 404[ 604 354 722 444 667 444 667 444 611 444 611 444 611 444 722 500 722 500 722 500 722 500 722 500 333 278 333 278 333 278 333 278 389 278 722] 439 440 500 441[ 611 278 722 500 702 495 722 500 722 500 667 333 556 389 611 278 722 500 722 500 722 500 722 500 944] 466 467 722 468[ 500 278 722 444 889 667 722 500 278 944 722 944 722 944] 482 483 722 484[ 500] 485 486 333 487[ 500 600] 489 492 750 493 496 333 497[ 722 694 808 411 722 816 743 269 722 667 643] 508 509 611 510[ 722 333 722 725 889 722 643] 517 518 722 519[ 556 582 611] 522 523 722 524[ 738 743 333 722 524 420 523 269 495 509 442 414 523 479 269 504 485 536 452 446 500 499 396 495 444 626 658 269 495 500 495 658 611 752 578 660 556] 561 562 333 563[ 389] 564 565 872 566[ 741 667 708] 569 570 722 571[ 574 667 578 682 611 896 501] 578 579 722 580[ 667 678 889] 583 585 722 586[ 556 667 611 708 790] 591 592 722 593[ 650] 594 595 1009 596[ 706 872 574 660 1028 667 444 509 472 410 509 444 691 395] 610 611 535 612[ 486 499 633 535 500 535 500 444 437 500 648 500 535 503] 626 627 770 628[ 517 672 456 429 747 460 444 483 410 429 389] 639 641 278 642[ 727 723 500 486 500 535 450 351] 651[ 954 505] 653 665 0 666[ 356 0 291] 669 670 0 671[ 278 481 455 335 419 471 279 286 477 476 267 452 433 432 507 485 274 305 475] 690 691 454 692[ 440 482 460 474 469 610 500 557 545 533 209 372 776 279] 706 707 452 708 709 432 710[ 454] 711 714 610 715 717 481 718[ 455 335 419 471 279 309 476 267 452 433 432 485 305 475 454 440 460 474 469 610 500 279 455 433 440 502] 744 747 0 748 749 319 750[ 356 413 207] 753 760 0 761 771 526 772[ 319 526] 774 775 750 776[ 282 750] 778 780 526 781 785 750 786[ 0] 787 794 750 795[ 638] 796 798 750 799 800 713 801 802 244 803 806 750 807[ 563 526] 809 810 530 811 812 489 813[ 812 933 394 515 812 933 394 515 638 588 375] 824 838 750 839 843 0 844 861 750 862[ 500] 864 891 750 892 893 319 894[ 750 621 413 207 229 207 229] 901 902 432 903[ 207 229 638 588] 907 908 244 909[ 207 229] 911 912 713 913 914 244 915[ 282 375] 917 918 713 919 920 244 921 922 713 923 924 244 925[ 563 526] 927 928 530 929[ 563 526] 931 932 530 933[ 563 526] 935 936 530 937 940 337 941 944 489 945 946 821 947 948 531 949 950 821 951 952 531 953 954 1098 955 956 846 957 958 1098 959 960 846 961 968 582 969[ 544 450 526 394 544 450 526 394] 977 978 789 979[ 268 263] 981 982 582 983[ 268 263] 985 986 601 987 988 394 989 990 506 991 992 207 993 994 338 995 996 394 997 998 526 999 1000 244 1001[ 282 375 450 394] 1005 1006 432 1007[ 638 588 638 588] 1011 1012 244 1013[ 544 601 544 601 544 601 544 601] 1021 1022 750 1023 1024 0 1025 1027 750 1028 1029 0 1030 1031 750 1032 1033 0 1034 1036 750 1037 1042 0 1043[ 750] 1044 1045 0 1046 1099 750 1100 1102 319 1103 1126 750 1127[ 125] 1129[ 2000 722 529 776 542] 1134 1149 0 1150[ 513] 1151 1152 750 1153 1186 0 1187[ 278 722 444 722 444 722 444 722 444 722 444 722 444 722 444 722 444 722 444 722 444 722 444 722 444 611 444 611 444 611 444 611 444 611 444 611 444 611 444 611 444 333 278 333 278 722 500 722 500 722 500 722 500 722 500 722 500 722 500 722 529 722 529 722 529 722 529 722 529 722 500 722 500 776 542 776 542 776 542 776 542 776 542 722 500 722 500 722 500 722 444 333 278 722 500 722 500 722 500 722 500 722 500 722 500] 1292 1295 0 1296[ 578 410 896 691 667 486 667 486 722 535 722 500 722 500 722 500 650 503 650 500 722 444 722 500 713 244 268 263 582] 1325 1330 244 1331[ 269 0 207] 1334 1335 333 1336[ 0 207] 1338 1339 0 1340[ 207 229 207 229 207 229 207 229] 1348 1351 432 1352[ 638 588] 1354 1355 713 1356 1357 244 1358 1359 713 1360 1361 244 1362 1363 713 1364 1365 244 1366 1367 713 1368 1369 244 1370 1371 713 1372 1373 244 1374 1375 713 1376 1377 244 1378 1379 713 1380 1381 244 1382[ 563 526] 1384 1385 530 1386[ 563 526] 1388 1389 530 1390[ 563 526] 1392 1393 530 1394[ 563 526] 1396 1397 530 1398[ 563 526] 1400 1401 530 1402[ 563 526] 1404 1405 530 1406 1423 337 1424 1439 489 1440 1441 821 1442 1443 531 1444 1445 821 1446 1447 531 1448 1449 821 1450 1451 531 1452 1453 1098 1454 1455 846 1456 1457 1098 1458 1459 846 1460 1461 582 1462[ 544 450 526 394] 1466 1468 789 1469[ 268 263] 1471 1472 789 1473[ 268 263] 1475 1476 789 1477[ 268 263] 1479 1480 789 1481[ 268 263] 1483 1484 789 1485[ 268 263] 1487 1490 582 1491 1492 1155 1493 1494 906 1495[ 812 933 394 515] 1499 1500 601 1501 1502 394 1503 1504 601 1505 1506 394 1507 1508 601 1509 1510 394 1511[ 812 933 394 515 812 933 394 515 812 933 394 515 812 933 394 515 812 933 394 515] 1531 1532 506 1533 1534 207 1535 1536 506 1537 1538 207 1539 1540 506 1541 1542 207 1543 1544 506 1545 1546 207 1547 1548 526 1549 1550 244 1551 1556 526 1557 1558 244 1559 1560 526 1561[ 563 526] 1563 1564 530 1565[ 282 375] 1567 1569 388 1570 1585 432 1586[ 638 588 638 588] 1590 1591 244 1592 1593 432 1594[ 638 588] 1596 1597 244 1598[ 638 588] 1600 1603 812 1604[ 207] 1605 1611 0 1612[ 1123 1084] 1614 1619 0 1620[ 194 370] 1622 1623 0 1624[ 600] 1625 1627 0 1628 1629 821 1630 1631 531 1632 1633 1098 1634 1635 846 1636[ 544 450 526 394 413 338 282 244 320] 1645 1649 244 1650[ 812 933 267 0 342 533 544 601 544 601 544 601 544 601 544 601 544 601 544 601] 1670 1671 526 1672[ 544 601 500 760 574 500 574 500] 1680 1681 667 1682[ 444 722 815 574 500 471 611 501 556] 1691 1692 722 1693[ 770 253 333 722 500 278 485 816 722 500 722 925 691 650 500] 1708 1709 556 1710[ 389 582 344 278 611 278 611 743 722 781 500 611 444] 1723 1724 539 1725 1726 444 1727 1728 500 1729[ 443 422 500 200 281 249 333 1333 1166 944] 1740[ 889 556 1111] 1744[ 778 444 722 444 0 722 444 889 667 722 500 722 500 722 500 722 500 722 500 539 444 278 1333 1166 944 722 500 950 560 722 500 722 444 722 444 611 444 611 444 333 278 333 278 722 500 722 500 667 333 667 333 722 500 722 500 556 389 611 278 563 395 722 500 650 604 500 611 444 722 444 611 444 722 500 0 722 500 722 500 722 500 722 500 444] 1828 1829 523 1830[ 500] 1831 1832 444 1833 1834 500 1835[ 444 627] 1837 1838 420 1839[ 588 443 333] 1842 1843 500 1844[ 453 500 444] 1847 1849 500 1850[ 278 269] 1852 1855 278 1856[ 578] 1857 1859 778 1860 1861 500 1862[ 497 500 630 658 553] 1867 1873 333 1874 1875 488 1876[ 389] 1877 1878 333 1879[ 436 333] 1881 1882 278 1883[ 500 549 470 500 722 500 493 444 496] 1892 1897 444 1898[ 722 472 443 453 535 278 500 430 500] 1907 1908 444 1909[ 802 845 853 565 460 649 788 566 560 514 481] 1920 1921 321 1922[ 155] 1923 1925 217 1926[ 293 428 297 219 365] 1931 1935 333 1936 1937 248 1938 1941 564 1942 1948 333 1949 1950 278 1951 1957 333 1958[ 382 293 166 212 289 248] 1964 1968 383 1969 1972 333 1973[ 444] 1974 1982 542 1983[ 383] 1984 1988 542 1989[ 383] 1990 1994 542 1995[ 383] 1996 2000 542 2001[ 383] 2002 2006 542 2007[ 383] 2008 2016 542 2017[ 383] 2018 2022 542 2023[ 383] 2024 2028 542 2029[ 383] 2030 2034 542 2035[ 383] 2036 2040 542 2041[ 383] 2042 2050 542 2051[ 383] 2052 2056 542 2057[ 383] 2058 2062 542 2063[ 383] 2064 2068 542 2069[ 383] 2070 2074 542 2075[ 383] 2076 2084 542 2085[ 383] 2086 2090 542 2091[ 383] 2092 2096 542 2097[ 383] 2098 2102 542 2103[ 383] 2104 2108 542 2109[ 383] 2110 2113 542 2114 2204 0 2205 2207 333 2208[ 509 495 722 890 722 526 658 560 722 500 667 420 556 447 576 451 731 554 828 778 616 521 661 444] 2232 2233 542 2234[ 656 581 699 509 475 386 560 509 444 278 722] 2245 2246 405 2247[ 611 722 444 535 1172 633 671 543 968 677 722 590 1033 834 896 691 1208 935 501 395 738 626 722 500 813 589 813 589 1095 880 763 566 1213 792 0 1172 633 667 444 334] 2287 2292 0 2293[ 722 535 574 470 556 500 631 515 501 395 667 486 786 573 851 623 1032 789 667 444 667 444 611 437 797 603 650 503 878 546 878 546 333 896 691 667 515 678 499 722 535 722 535 650 503 889 633 535 722 444 722 444 889 667 611 444 722 444 896 691 501 395 501 444 722 535 722 535 722 500 722 500 660 429 708 500 708 500 708 500 650 503 872 672 574 500 804 771 802 706 574 453 907 752 950 788 722 453 696 602] 23